run                          steps       qa0        qa   qa_best   iota      A   beta      B.n        K    slack  t/step elapsed
batch/qa4-fixed                 78  1.17e-01  5.36e-03  5.36e-03  0.296  4.226 0.0254      nan      nan  -0.0007     84s  3.96h
batch/qa4-fixed-c1             127  5.48e-03  6.26e-04  6.26e-04  0.294  4.357 0.0256      nan      nan  -0.0103    129s  3.99h
batch/qa4-fixed-c2             118  6.55e-04  3.61e-04  3.61e-04  0.292  4.400 0.0256      nan      nan  -0.0000    382s  3.92h
batch/qa4-fixed-c3             124  3.65e-04  2.53e-04  2.53e-04  0.289  4.419 0.0256      nan      nan  -0.0000    168s  3.96h
batch/qa4-fixed-c4             114  2.63e-04  1.78e-04  1.78e-04  0.286  4.439 0.0257      nan      nan  -0.0000    125s  2.66h
batch/qa4-free-beta04          122  1.47e-01  1.12e-03  1.12e-03  0.347  4.089 0.0403  3.7e-04  3.9e-04  -0.0006     42s  3.97h
batch/qa4-free-beta04-c1       134  1.14e-03  9.37e-04  9.36e-04  0.339  4.093 0.0404  2.9e-04  3.4e-04   0.0000    104s  3.85h
batch/qa4-free-vac027          180  1.17e-01  4.70e-04  4.70e-04  0.311  4.117 0.0257  2.7e-04  3.0e-04  -0.0002     60s  3.96h
batch/qa4-free-vac027-c1        30  4.58e-04  4.48e-04  4.48e-04  0.312  4.117 0.0257  1.7e-04  2.2e-04   0.0001    123s  1.46h
batch/qa4-free-vac029          179  1.17e-01  4.91e-04  4.90e-04  0.322  4.126 0.0258  2.7e-04  3.1e-04  -0.0194    119s  3.93h
batch/qa4-free-vac029-c1        10  4.73e-04  4.69e-04  4.69e-04  0.321  4.126 0.0258  1.9e-04  2.5e-04   0.0000    513s  0.86h
batch/qa4-free-vac029-s1         1  4.77e-04  4.78e-04  4.77e-04  0.321  4.126 0.0258  1.8e-04  2.4e-04   0.0000    616s  0.38h
batch/qa4-free-vac029-s1-c1     73  4.92e-04  3.94e-04  3.94e-04  0.321  4.132 0.0258  1.4e-04  1.9e-04  -0.0000    144s  3.71h
batch/qa4-free-vac029-s1-c2     94  3.66e-04  2.77e-04  2.77e-04  0.315  4.151 0.0258  1.8e-04  2.3e-04  -0.0000     72s  3.97h
batch/qa4-free-vac029-s1-c3     28  2.99e-04  2.84e-04  2.84e-04  0.316  4.151 0.0258  1.6e-04  2.1e-04  -0.0000    851s  2.64h
batch/qa4-free-vac031          120  1.17e-01  9.54e-04  9.27e-04  0.346  4.082 0.0258  3.2e-04  3.5e-04  -0.0047    481s  3.89h
batch/qa4-free-vac031-c1        26  9.30e-04  9.02e-04  9.02e-04  0.343  4.082 0.0258  2.3e-04  2.9e-04   0.0002    126s  1.20h
batch/qa4-free-vac031-c2        17  8.98e-04  8.86e-04  8.86e-04  0.345  4.083 0.0258  2.1e-04  2.8e-04   0.0001    128s  0.73h
batch/qa4-stage1                69  1.17e-01  5.53e-03  5.53e-03  0.278  4.015 0.0254      nan      nan  -0.1490     83s  3.58h
batch/qa4-stage1-c1             38  5.52e-03  2.37e-03  2.37e-03  0.280  4.044 0.0254      nan      nan   0.0000    384s  1.57h
batch/qa6-fixed                  2  6.63e-02  9.02e-02  6.63e-02  0.503  6.011 0.0248      nan      nan  -3.0544    779s  1.21h
batch/qa6-free                 128  6.78e-02  2.24e-03  2.24e-03  0.306  6.100 0.0255  3.9e-04  3.8e-04  -0.0842    325s  3.94h
batch/qa6-free-c1               20  2.21e-03  2.19e-03  2.18e-03  0.305  6.100 0.0255  1.9e-04  2.6e-04  -0.0000    546s  3.94h
batch/qa6-free-c2               32  2.15e-03  2.10e-03  2.10e-03  0.302  6.100 0.0255  2.0e-04  2.7e-04  -0.0000    298s  2.79h
batch/qa6-free-c3               71  2.09e-03  1.96e-03  1.96e-03  0.305  6.100 0.0254  2.8e-04  3.5e-04  -0.0000    211s  3.96h
batch/qa6-free-c4               39  1.92e-03  1.87e-03  1.87e-03  0.306  6.100 0.0254  2.4e-04  3.0e-04  -0.0000    536s  2.69h
batch/qi6-fixed                  0  9.30e-01  9.30e-01  9.30e-01  0.870  6.000 0.0250      nan      nan  -0.0962    221s  0.55h
batch/qi6-fixed-c1              28  9.30e-01  1.93e-01  1.93e-01  0.843  6.090 0.0245      nan      nan  -2.9930    399s  2.98h
batch/qi6-fixed-c2              43  1.93e-01  9.14e-02  8.35e-02  0.879  6.047 0.0253      nan      nan  -0.1155    339s  3.95h
batch/qi6-fixed-c3              39  9.14e-02  9.43e-02  7.91e-02  0.878  6.052 0.0253      nan      nan  -0.0613    310s  3.91h
batch/qi6-fixed-c4              43  9.43e-02  8.02e-02  7.29e-02  0.875  6.053 0.0253      nan      nan  -0.0227    291s  3.97h
batch/qi6-free                 137  9.33e-01  1.91e-01  1.91e-01  0.861  6.050 0.0251  5.7e-04  8.9e-04  -0.0081     72s  3.94h
batch/qi6-free-c1                4  1.92e-01  1.92e-01  1.92e-01  0.861  6.050 0.0251  5.3e-04  8.4e-04  -0.0088    122s  0.74h
batch/qi6-free-scale1           66  9.33e-01  4.82e-02  4.82e-02  0.857  6.093 0.0255  3.4e-03  3.4e-03  -0.0885     89s  3.95h
batch/qi6-free-scale1-c2        71  4.82e-02  4.03e-02  4.03e-02  0.866  6.087 0.0255  3.4e-03  3.3e-03  -0.0638    937s  3.94h
batch/qi6-free-scale1-c3       152  4.06e-02  2.84e-02  2.84e-02  0.861  6.100 0.0258  3.9e-03  4.4e-03  -0.0032     54s  3.99h
batch/qi6-free-scale1-c4       144  2.84e-02  2.45e-02  2.41e-02  0.861  6.100 0.0257  4.1e-03  4.6e-03  -0.0026     55s  3.98h
batch/qi6-free-scale1-c5        83  2.46e-02  2.44e-02  2.32e-02  0.867  6.093 0.0258  4.6e-03  5.1e-03  -0.0138     82s  2.70h
batch/stale3_vac-L20-c3          0  8.24e-05  8.24e-05  8.24e-05  0.410  5.950 0.0000  7.9e-05  1.0e-04  -0.0040      0s  0.10h
batch/vac-3coil                383  1.66e-03  1.22e-04  1.22e-04  0.410  5.985 0.0000  8.0e-05  9.1e-05  -0.0017     35s  3.95h
batch/vac-3coil-c1             443  1.21e-04  1.05e-04  1.05e-04  0.410  6.002 0.0000  6.0e-05  7.1e-05  -0.0013     30s  3.99h
batch/vac-3coil-c2             453  1.05e-04  9.58e-05  9.58e-05  0.410  6.019 0.0000  4.5e-05  5.3e-05  -0.0000     29s  4.00h
batch/vac-3coil-c3             142  9.55e-05  9.42e-05  9.42e-05  0.411  6.020 0.0000  4.2e-05  4.8e-05  -0.0000     33s  1.39h
batch/vac-3coil-c4               1  9.44e-05  9.44e-05  9.44e-05  0.410  6.020 0.0000  4.0e-05  4.5e-05  -0.0000    385s  0.24h
batch/vac-3coil-exact          487  9.81e-04  1.42e-04  1.42e-04  0.410  5.932 0.0000  6.3e-05  7.8e-05  -0.0008     27s  3.99h
batch/vac-3coil-exact-c1       434  1.40e-04  9.91e-05  9.91e-05  0.411  5.941 0.0000  6.5e-05  8.0e-05  -0.0019     29s  3.99h
batch/vac-3coil-exact-c2       298  9.77e-05  8.74e-05  8.74e-05  0.411  5.958 0.0000  5.5e-05  6.6e-05  -0.0000     32s  2.69h
batch/vac-3coil-fair           347  9.81e-04  2.01e-04  2.01e-04  0.415  6.010 0.0000  5.6e-05  6.4e-05  -0.0096     25s  2.65h
batch/vac-L18                  390  1.49e-03  2.88e-04  2.88e-04  0.411  6.100 0.0000  2.1e-04  2.5e-04  -0.0014     35s  4.00h
batch/vac-L18-c1               351  2.90e-04  2.74e-04  2.74e-04  0.410  6.100 0.0000  1.4e-04  1.9e-04  -0.0000     37s  3.99h
batch/vac-L18-c2                 4  2.72e-04  2.72e-04  2.72e-04  0.410  6.100 0.0000  1.3e-04  1.8e-04  -0.0000     35s  0.22h
batch/vac-L18-exact            430  1.55e-03  3.21e-04  3.19e-04  0.411  5.991 0.0000  1.9e-04  2.3e-04  -0.0020     29s  3.99h
batch/vac-L18-exact-c1         392  3.23e-04  2.32e-04  2.31e-04  0.410  6.100 0.0000  1.4e-04  1.8e-04  -0.0000     30s  3.99h
batch/vac-L18-exact-c2         228  2.31e-04  2.16e-04  2.16e-04  0.411  6.100 0.0000  1.2e-04  1.6e-04  -0.0007     39s  2.69h
batch/vac-L18-fair             293  1.55e-03  4.88e-04  4.88e-04  0.415  6.010 0.0000  2.0e-04  2.7e-04  -0.0009     30s  2.65h
batch/vac-L18-wech-c1          271  3.72e-03  3.65e-04  3.60e-04  0.410  6.100 0.0000  2.7e-04  3.1e-04  -0.0003    405s  3.35h
batch/vac-L18-wech-c2          338  3.47e-04  2.95e-04  2.95e-04  0.410  6.100 0.0000  1.3e-04  1.8e-04  -0.0004     43s  3.99h
batch/vac-L20-c1               455  1.83e-04  8.46e-05  8.40e-05  0.410  5.950 0.0000  9.8e-05  1.2e-04  -0.0040     30s  3.85h
batch/vac-L20-c2               421  8.24e-05  6.71e-05  6.71e-05  0.410  5.960 0.0000  8.1e-05  9.8e-05  -0.0002     30s  3.99h
batch/vac-L20-c3                14  6.90e-05  6.87e-05  6.87e-05  0.411  5.961 0.0000  7.4e-05  9.1e-05  -0.0000     29s  0.24h
batch/vac-L20-exact            473  1.83e-04  6.16e-05  6.16e-05  0.410  5.924 0.0000  7.8e-05  9.9e-05  -0.0017     27s  3.99h
batch/vac-L20-exact-c1         399  6.24e-05  4.83e-05  4.83e-05  0.411  5.926 0.0000  7.1e-05  8.7e-05  -0.0000     31s  3.99h
batch/vac-L20-exact-c2         321  4.82e-05  4.26e-05  4.26e-05  0.410  5.957 0.0000  6.9e-05  8.2e-05  -0.0027     28s  2.69h
batch/vac-L20-fair             300  1.83e-04  8.94e-05  8.94e-05  0.415  6.009 0.0000  7.5e-05  1.0e-04  -0.0000     28s  2.56h
batch/vac-L24-c1               459  8.11e-06  1.03e-05  8.11e-06  0.416  5.992 0.0000  3.2e-05  3.5e-05  -0.0002     27s  3.84h
batch/vac-L24-c2                 2  1.04e-05  1.04e-05  1.04e-05  0.416  5.992 0.0000  3.0e-05  3.3e-05  -0.0000     27s  0.26h
batch/vac-L24-exact             53  8.11e-06  6.21e-05  8.11e-06  0.413  5.992 0.0000  5.7e-05  5.9e-05  -0.0148     27s  0.60h
batch/vac-L24-feas               8  8.11e-06  8.12e-06  8.11e-06  0.416  6.000 0.0000  3.1e-05  3.3e-05  -0.0000     25s  0.14h
batch/vac-L24-feas-c2            1  8.22e-06  8.23e-06  8.22e-06  0.416  6.000 0.0000  2.8e-05  3.1e-05  -0.0000    295s  0.13h
batch/vac-L24-feas-c3            5  8.22e-06  2.18e-05  8.13e-06  0.416  6.000 0.0000  8.4e-05  8.7e-05   0.0000   2457s  1.58h
batch/vac-L24-feas2            338  8.11e-06  6.65e-06  6.65e-06  0.417  5.991 0.0000  3.1e-05  3.3e-05  -0.0043     27s  2.70h
batch/vac-L24-s005              65  8.11e-06  1.61e-04  8.11e-06  0.414  5.986 0.0000  6.4e-05  6.6e-05  -0.0000     26s  0.76h
batch/vac-L24-wech             493  3.17e-06  4.25e-06  3.17e-06  0.417  5.993 0.0000  3.6e-05  3.5e-05  -0.0012     35s  3.97h
batch/vac-L24-wech-c1            2  4.64e-06  4.65e-06  4.64e-06  0.417  5.993 0.0000  3.2e-05  3.2e-05   0.0000     28s  0.27h
batch/vac-L24-wech-exact        56  3.17e-06  3.70e-05  3.17e-06  0.411  5.996 0.0000  1.0e-04  9.9e-05  -0.0000     29s  0.60h
batch/vac-L24-wech-fair        364  3.17e-06  2.31e-06  2.31e-06  0.415  6.002 0.0000  3.1e-05  2.9e-05  -0.0123     24s  2.56h
batch/vac-L24-wech-feas-c1       2  3.17e-06  3.18e-06  3.17e-06  0.416  6.000 0.0000  2.9e-05  2.7e-05  -0.0000     25s  0.08h
batch/vac-L24-wech-feas-c3       9  3.17e-06  3.17e-06  3.17e-06  0.416  6.000 0.0000  2.9e-05  2.7e-05  -0.0000     25s  0.18h
batch/vac-L24-wech-feas-c4       8  3.17e-06  5.60e-06  2.98e-06  0.416  6.000 0.0000  3.3e-05  3.6e-05  -0.0189   1029s  1.74h
batch/vac-L24-wech-feas2       499  3.17e-06  2.26e-06  2.26e-06  0.415  6.005 0.0000  3.1e-05  2.9e-05  -0.0000     27s  3.99h
batch/vac-L24-wech-hires-feas-c1     2  4.10e-06  4.11e-06  4.10e-06  0.416  6.000 0.0000  2.0e-05  1.5e-05  -0.0000     59s  0.28h
batch/vac-L24-wech-hires-feas-c3     0  4.10e-06  4.10e-06  4.10e-06  0.416  6.000 0.0000  2.0e-05  1.5e-05  -0.0002      0s  0.14h
batch/vac-L24-wech-hires-feas-c4     3  4.10e-06  6.25e-06  3.96e-06  0.416  6.000 0.0000  2.2e-05  2.0e-05  -0.0002   2293s  1.70h
batch/vac-L24-wech-hires12-feas-c1    71  3.81e-06  3.62e-06  3.62e-06  0.415  6.000 0.0000  1.6e-05  1.3e-05  -0.0000     89s  2.09h
batch/vac-L24-wech-hires12-feas-c2     1  3.81e-06  3.91e-06  3.81e-06  0.416  6.000 0.0000  2.1e-05  2.1e-05  -0.0002   2602s  0.97h
batch/vac-L24-wech-hires12-feas-c3   141  4.15e-06  3.63e-06  3.63e-06  0.416  6.002 0.0000  1.4e-05  1.3e-05  -0.0000     95s  3.98h
batch/vac-L24-wech-hires12-feas-c4   140  3.84e-06  3.64e-06  3.63e-06  0.415  6.004 0.0000  1.3e-05  1.3e-05   0.0000     92s  3.98h
batch/vac-L24-wech-o24-feas    478  3.17e-06  2.35e-06  2.35e-06  0.415  6.000 0.0000  3.1e-05  2.8e-05  -0.0000     26s  3.99h
ss_vac/lpqa-3coil-c1             7  9.81e-04  1.65e-03  9.81e-04  0.411  5.984 0.0000  7.1e-05  9.2e-05  -0.0064     31s  0.27h
ss_vac/lpqa-L18-c1               6  1.55e-03  1.49e-03  1.49e-03  0.413  5.995 0.0000  1.9e-04  2.8e-04  -0.0000     29s  0.27h
ss_vac/lpqa-L18-wech-c1          4  1.58e-03  3.82e-03  1.58e-03  0.411  5.986 0.0000  4.4e-04  4.9e-04  -0.0000     36s  0.27h
ss_vac/lpqa-L24-c1               8  8.11e-06  1.57e-04  8.11e-06  0.410  5.991 0.0000  5.9e-05  6.0e-05  -0.4224     28s  0.27h
